智慧型攝影師
內容 ：
畢業典禮快到了，資科系系學會想要為所有年級的同學一起拍張合照，因此從每個年級中選出10個代表來合
照。合照時，攝影師希望同個年級的同學都在同一橫排，而且為了避免被擋住，相同位置的2位同學，後排的
同學身高一定要比前排的同學高。舉例而言，如果一年級的5位代表身高為
{159, 170, 178, 193, 179}, 二年級的代表身高為{153, 171, 151, 172, 192}。如果將同學排
成兩排如下
159 170 178 193 170
153 151 172 192 171
那麼就符合攝影師的拍照條件。
給定M個年級每個年級N位代表的身高，智慧型攝影師希望能找出一個最好的排列方式來拍照。若無法所有年級
都一起照相的話，請找出最多可以讓幾個年級一起拍照。

例如，給定五個年級，每個年級10位代表的身高如下
一年級：{159 178 170 179 193 174 182 184 192 173}
二年級：{188 169 164 164 173 152 170 186 157 151}
三年級：{198 161 199 178 172 156 153 154 162 191}
四年級：{182 170 183 188 181 199 178 178 198 176}
五年級：{166 155 168 186 150 192 193 166 190 176}
我們無法找出排列的方法，同時幫五個年級的同學一起合照。但退而求其次，我們最多可以讓三個年級
(四年級、一年級、二年級)的同學一起合照，安排如下

182 170 183 188 181 199 178 178 198 176
179 159 182 184 178 193 173 174 192 170
169 151 170 173 164 188 157 164 186 152

輸入說明 ：
輸入第一行為年級數M, 每年級代表人數N, 1<=M<=10000,1<=N<=15, M與N以空白隔開。
第二行至(M+1)行依序為每個年級的資料，
每行內有N個整數(沒有排序)，數值介於150~200之間，代表N位同學的身高。

輸出說明 ：
輸出為一整數K, K>=1，代表可以拍照的最多年級數。

範例輸入 ：
5 10
159 178 170 179 193 174 182 184 192 173
188 169 164 164 173 152 170 186 157 151
198 161 199 178 172 156 153 154 162 191
182 170 183 188 181 199 178 178 198 176
166 155 168 186 150 192 193 166 190 176

範例輸出 ：
3
